INFO: 2023-02-07 20:06:19,782: Data
INFO: 2023-02-07 20:06:19,854: Data shape (110527, 14)
INFO: 2023-02-07 20:06:19,968: Percentage of women: 0.653882342398853
INFO: 2023-02-07 20:06:20,077: Percentage of men: 0.346117657601147
ERROR: 2023-02-07 20:06:20,170: Data shape is incorrect!
